random30
0 3
0 4
0 6
0 7
0 8
0 11
0 12
0 13
0 16
0 17
0 18
1 0
2 0
2 6
2 9
2 12
2 14
2 15
3 0
3 2
3 3
3 4
3 6
3 9
3 10
3 18
4 2
4 9
4 14
4 15
4 16
4 18
5 0
5 4
5 12
5 14
6 0
6 2
6 4
6 6
6 8
6 9
6 10
6 12
7 18
8 1
8 6
8 7
8 8
8 12
8 13
8 16
9 1
9 3
9 4
9 10
9 13
9 14
9 16
10 6
10 7
10 8
10 10
10 16
10 18
11 0
11 12
11 18
12 0
12 3
12 4
12 14
13 3
13 6
13 8
13 9
13 10
13 16
14 2
14 3
14 9
14 12
14 14
14 16
14 18
15 12
15 18
16 0
16 4
16 6
16 8
16 9
16 10
16 12
16 15
16 16
17 0
17 12
18 0
18 1
18 3
18 4
18 7
18 10
18 15
18 16
18 17
